   5.0000000000000001E-003   0.0000000000000000     
   1.4999999999999999E-002   0.0000000000000000     
   2.5000000000000001E-002   0.0000000000000000     
   3.5000000000000003E-002   0.0000000000000000     
   4.4999999999999998E-002   0.0000000000000000     
   5.5000000000000000E-002   0.0000000000000000     
   6.5000000000000002E-002   0.0000000000000000     
   7.4999999999999997E-002   0.0000000000000000     
   8.5000000000000006E-002   0.0000000000000000     
   9.5000000000000001E-002   0.0000000000000000     
  0.10500000000000000        0.0000000000000000     
  0.11500000000000000        0.0000000000000000     
  0.12500000000000000        0.0000000000000000     
  0.13500000000000001        0.0000000000000000     
  0.14499999999999999        0.0000000000000000     
  0.15500000000000000        0.0000000000000000     
  0.16500000000000001        0.0000000000000000     
  0.17500000000000002        0.0000000000000000     
  0.18500000000000000        0.0000000000000000     
  0.19500000000000001        0.0000000000000000     
  0.20500000000000002        0.0000000000000000     
  0.21500000000000000        0.0000000000000000     
  0.22500000000000001        0.0000000000000000     
  0.23500000000000001        0.0000000000000000     
  0.24500000000000000        0.0000000000000000     
  0.25500000000000000        0.0000000000000000     
  0.26500000000000001        0.0000000000000000     
  0.27500000000000002        0.0000000000000000     
  0.28500000000000003        0.0000000000000000     
  0.29499999999999998        0.0000000000000000     
  0.30499999999999999        0.0000000000000000     
  0.31500000000000000        0.0000000000000000     
  0.32500000000000001        0.0000000000000000     
  0.33500000000000002        0.0000000000000000     
  0.34500000000000003        0.0000000000000000     
  0.35499999999999998        0.0000000000000000     
  0.36499999999999999        0.0000000000000000     
  0.37500000000000000        0.0000000000000000     
  0.38500000000000001        0.0000000000000000     
  0.39500000000000002        0.0000000000000000     
  0.40500000000000003        0.0000000000000000     
  0.41500000000000004        0.0000000000000000     
  0.42499999999999999        0.0000000000000000     
  0.43500000000000000        0.0000000000000000     
  0.44500000000000001        0.0000000000000000     
  0.45500000000000002        0.0000000000000000     
  0.46500000000000002        0.0000000000000000     
  0.47500000000000003        0.0000000000000000     
  0.48499999999999999        0.0000000000000000     
  0.49500000000000000        0.0000000000000000     
  0.50500000000000000        0.0000000000000000     
  0.51500000000000001        0.0000000000000000     
  0.52500000000000002        0.0000000000000000     
  0.53500000000000003        0.0000000000000000     
  0.54500000000000004        0.0000000000000000     
  0.55500000000000005        0.0000000000000000     
  0.56500000000000006        0.0000000000000000     
  0.57500000000000007        0.0000000000000000     
  0.58499999999999996        0.0000000000000000     
  0.59499999999999997        0.0000000000000000     
  0.60499999999999998        0.0000000000000000     
  0.61499999999999999        0.0000000000000000     
  0.62500000000000000        0.0000000000000000     
  0.63500000000000001        0.0000000000000000     
  0.64500000000000002        0.0000000000000000     
  0.65500000000000003        0.0000000000000000     
  0.66500000000000004        0.0000000000000000     
  0.67500000000000004        0.0000000000000000     
  0.68500000000000005        0.0000000000000000     
  0.69500000000000006        0.0000000000000000     
  0.70499999999999996        0.0000000000000000     
  0.71499999999999997        0.0000000000000000     
  0.72499999999999998        0.0000000000000000     
  0.73499999999999999        0.0000000000000000     
  0.74500000000000000        0.0000000000000000     
  0.75500000000000000        0.0000000000000000     
  0.76500000000000001        0.0000000000000000     
  0.77500000000000002        0.0000000000000000     
  0.78500000000000003        0.0000000000000000     
  0.79500000000000004        0.0000000000000000     
  0.80500000000000005        0.0000000000000000     
  0.81500000000000006        0.0000000000000000     
  0.82500000000000007        0.0000000000000000     
  0.83499999999999996        0.0000000000000000     
  0.84499999999999997        0.0000000000000000     
  0.85499999999999998        0.0000000000000000     
  0.86499999999999999        0.0000000000000000     
  0.87500000000000000        0.0000000000000000     
  0.88500000000000001        0.0000000000000000     
  0.89500000000000002        0.0000000000000000     
  0.90500000000000003        0.0000000000000000     
  0.91500000000000004        0.0000000000000000     
  0.92500000000000004        0.0000000000000000     
  0.93500000000000005        0.0000000000000000     
  0.94500000000000006        0.0000000000000000     
  0.95500000000000007        0.0000000000000000     
  0.96499999999999997        0.0000000000000000     
  0.97499999999999998        0.0000000000000000     
  0.98499999999999999        0.0000000000000000     
  0.99500000000000000        0.0000000000000000     
   1.0050000000000001       0.48343082016175437     
   1.0150000000000001        3.3176646381741635     
   1.0249999999999999        8.3654897386015534     
   1.0349999999999999        12.306929912763277     
   1.0449999999999999        15.202431781036074     
   1.0549999999999999        13.307056718243730     
   1.0649999999999999        10.044872304547322     
   1.0750000000000000        6.0561577885528255     
   1.0850000000000000        4.9772417640415414     
   1.0950000000000000        4.3437768666896321     
   1.1050000000000000        1.8661618296351783     
   1.1150000000000000        1.5710043469148962     
   1.1250000000000000        1.0287997950413037     
   1.1350000000000000        1.2634389285689553     
   1.1450000000000000       0.37243999089067842     
   1.1550000000000000       0.85404380177115702     
   1.1650000000000000       0.47968292627064252     
   1.1750000000000000       0.47155290347332524     
   1.1850000000000001       0.46362783271919883     
   1.1950000000000001       0.68385132381229352     
   1.2050000000000001       0.33627412781435889     
   1.2150000000000001       0.11025385389031608     
   1.2250000000000001       0.54230574060290471     
   1.2350000000000001       0.32013543898684765     
   1.2450000000000001       0.42001784281976173     
   1.2550000000000001       0.31001327552266045     
   1.2650000000000001       0.10171042613036550     
   1.2750000000000001       0.20024246661774384     
   1.2849999999999999       0.49284498730650128     
   1.2949999999999999       0.58231548892771801     
   1.3049999999999999       0.47785445844086288     
   1.3149999999999999       0.37649150315094942     
   1.3250000000000000       0.37083008428034997     
   1.3350000000000000       0.36529541042066255     
   1.3450000000000000       0.44985465785045686     
   1.3550000000000000       0.26594356096877642     
   1.3650000000000000       0.61147623290486186     
   1.3750000000000000       0.68870218829533791     
   1.3850000000000000       0.25454736618279444     
   1.3950000000000000       0.33454805003274640     
   1.4050000000000000       0.41225345968833166     
   1.4150000000000000       0.40644716959731481     
   1.4250000000000000       0.24045761226745907     
   1.4350000000000001       0.39519662878097106     
   1.4450000000000001       0.23384743669036631     
   1.4550000000000001       0.38440682930834441     
   1.4650000000000001       0.22750613138865428     
   1.4750000000000001       0.74810590437120339     
   1.4850000000000001       0.14761287323307962     
   1.4950000000000001       0.36411182735831021     
   1.5050000000000001       0.57486276019372007     
   1.5150000000000001       0.99277305112574710     
   1.5250000000000001       0.41991249069705117     
   1.5350000000000001       0.41445915887564300     
   1.5449999999999999       0.68185228906737838     
   1.5549999999999999       0.53848857084853441     
   1.5649999999999999       0.59808255433896074     
   1.5750000000000000       0.32806221712468459     
   1.5850000000000000       0.64787140621763217     
   1.5950000000000000       0.51181849579962735     
   1.6050000000000000       0.56864315737585869     
   1.6150000000000000       0.62402551244653648     
   1.6250000000000000       0.55473196891104715     
   1.6350000000000000       0.54796702925500684     
   1.6450000000000000       0.78191401379786984     
   1.6550000000000000       0.89133862808784836     
   1.6650000000000000       0.41097655308816639     
   1.6750000000000000       0.58012004743319601     
   1.6850000000000001       0.63058028223164453     
   1.6950000000000001       0.45320856490727857     
   1.7050000000000001       0.50389643330731060     
   1.7150000000000001       0.66404965181142694     
   1.7250000000000001       0.92986155622989575     
   1.7350000000000001       0.54069035924573039     
   1.7450000000000001       0.37415777594862848     
   1.7550000000000001       0.95118693185493575     
   1.7650000000000001       0.73145268927277118     
   1.7750000000000001       0.56825544810720241     
   1.7850000000000001        1.0727301931439399     
   1.7949999999999999       0.65669258081464987     
   1.8049999999999999       0.69939302832349293     
   1.8149999999999999       0.79052282104937011     
   1.8250000000000000       0.78188331384268173     
   1.8350000000000000       0.91839429123383554     
   1.8450000000000000       0.52595388509360952     
   1.8550000000000000       0.70949798421604304     
   1.8650000000000000       0.65511585365526126     
   1.8750000000000000       0.78703515974444649     
   1.8850000000000000        1.0535445258922005     
   1.8950000000000000       0.54388940162891808     
   1.9050000000000000       0.80729141543962268     
   1.9150000000000000       0.88764689588709056     
   1.9250000000000000       0.83452613694077105     
   1.9350000000000001       0.60857473253416938     
   1.9450000000000001       0.86047570771963144     
   1.9550000000000001        1.3627126718909981     
   1.9650000000000001       0.88520128259578690     
   1.9750000000000001        1.0431665856058554     
   1.9850000000000001       0.66091685632700470     
   1.9950000000000001       0.65430774311644702     
   2.0049999999999999        1.1336452265132890     
   2.0150000000000001       0.96207523585486221     
   2.0249999999999999       0.79383061596018678     
   2.0350000000000001       0.62883842040493998     
   2.0449999999999999       0.97297415675796484     
   2.0550000000000002        1.0791512259176330     
   2.0649999999999999       0.83971228434412692     
   2.0750000000000002        1.1718538135655610     
   2.0850000000000000       0.89855999029092992     
   2.0950000000000002        1.0383360646059441     
   2.1050000000000000       0.55097897712804211     
   2.1150000000000002        1.0915622019658302     
   2.1250000000000000       0.61274395812392635     
   2.1350000000000002       0.82125886364254486     
   2.1450000000000000       0.84899405389928273     
   2.1550000000000002       0.94627468605227605     
   2.1650000000000000       0.90282912527114123     
   2.1750000000000003       0.79132946135844118     
   2.1850000000000001       0.81819418303652258     
   2.1949999999999998       0.81075610556013256     
   2.2050000000000001       0.97079795414796122     
   2.2149999999999999       0.72983261700617319     
   2.2250000000000001       0.72328707706953610     
   2.2349999999999999       0.42358089081006850     
   2.2450000000000001       0.83963150447585488     
   2.2549999999999999       0.96023213756192105     
   2.2650000000000001       0.76141759798952668     
   2.2749999999999999        1.1950026871760060     
   2.2850000000000001       0.96635651375125264     
   2.2949999999999999       0.89615001734037891     
   2.3050000000000002       0.94965954943789455     
   2.3149999999999999       0.91110278719726590     
   2.3250000000000002       0.66240695446902853     
   2.3350000000000000        1.0149701500068939     
   2.3450000000000002        1.0359301632008646     
   2.3550000000000000       0.93910961991872544     
   2.3650000000000002        1.0766822994922054     
   2.3750000000000000        1.0099246240281332     
   2.3850000000000002       0.88701931615821561     
   2.3950000000000000       0.82287736815786472     
   2.4050000000000002       0.87232776000859158     
   2.4150000000000000       0.92093257642262150     
   2.4250000000000003        1.3561907103814050     
   2.4350000000000001       0.96076746826974702     
   2.4449999999999998       0.89847168298899904     
   2.4550000000000001       0.75614176108055231     
   2.4649999999999999       0.85716478778897331     
   2.4750000000000001       0.95653373191701996     
   2.4849999999999999       0.84342290802340592     
   2.4950000000000001       0.81052944961181062     
   2.5049999999999999       0.95969774294899535     
   2.5150000000000001       0.97781305688401199     
   2.5249999999999999        1.1743114234562702     
   2.5350000000000001        1.1903924231421477     
   2.5449999999999999       0.80412327491335378     
   2.5550000000000002       0.89757123064453903     
   2.5649999999999999       0.86584776824767584     
   2.5750000000000002       0.88368254103755284     
   2.5850000000000000        1.0230019002833652     
   2.5950000000000002       0.91845338967299339     
   2.6050000000000000        1.0073539374701237     
   2.6150000000000002        1.4518933158255074     
   2.6250000000000000        1.1810265208424484     
   2.6350000000000002       0.98454669027442865     
   2.6450000000000000        1.0236455267441218     
   2.6550000000000002       0.85432073337664782     
   2.6650000000000000        1.0770892915388177     
   2.6750000000000003       0.93257670887204724     
   2.6850000000000001       0.97079640632773523     
   2.6949999999999998        1.0532430622664293     
   2.7050000000000001        1.0899581749196350     
   2.7149999999999999        1.0819438128163739     
   2.7250000000000001       0.83291154619871910     
   2.7349999999999999       0.93562560156916785     
   2.7450000000000001       0.88562010129069180     
   2.7549999999999999        1.2223060432439732     
   2.7650000000000001       0.76640890568267184     
   2.7749999999999999       0.90884704016263573     
   2.7850000000000001        1.1961145588396009     
   2.7949999999999999       0.89588683429126548     
   2.8050000000000002        1.2204910723441658     
   2.8149999999999999       0.80104356956669887     
   2.8250000000000002        1.1216932803921726     
   2.8350000000000000        1.0935432635234670     
   2.8450000000000002       0.90489108942725949     
   2.8550000000000000        1.0583077754711996     
   2.8650000000000002        1.0509328383441765     
   2.8750000000000000       0.63011907807707845     
   2.8850000000000002       0.82130791296689187     
   2.8950000000000000        1.0486848124176673     
   2.9050000000000002       0.92575767567191902     
   2.9150000000000000       0.95772593182105981     
   2.9250000000000003        1.1604500662785733     
   2.9350000000000001       0.94471793335073484     
   2.9449999999999998       0.84448178155975440     
   2.9550000000000001       0.95061262473904740     
   2.9649999999999999        1.1663785624168603     
   2.9750000000000001       0.99304332673365148     
   2.9849999999999999       0.89506750266463464     
   2.9950000000000001       0.97982493959883954     
   3.0049999999999999        1.0994848969241748     
   3.0150000000000001       0.89524882515678139     
   3.0249999999999999        1.0494207439455048     
   3.0350000000000001       0.95416781347046609     
   3.0449999999999999        1.2287735157222619     
   3.0550000000000002        1.0463505813916663     
   3.0649999999999999       0.86627832451120135     
   3.0750000000000002       0.89507928683256033     
   3.0850000000000000       0.82087930493646410     
   3.0950000000000002        1.0364704791424963     
   3.1050000000000000       0.94539484331027124     
   3.1150000000000002       0.85546547641938975     
   3.1250000000000000       0.69999939223638263     
   3.1350000000000002       0.91082725446831581     
   3.1450000000000000       0.77340144467650696     
   3.1550000000000002        1.0137745519869497     
   3.1650000000000000       0.84489811297367112     
   3.1750000000000003        1.0494803824184979     
   3.1850000000000001        1.0429005897295813     
   3.1950000000000003        1.0842155199739461     
   3.2050000000000001        1.1883753364087029     
   3.2149999999999999       0.86606237442464451     
   3.2250000000000001       0.98589247102309274     
   3.2349999999999999        1.2130940521305213     
   3.2450000000000001        1.0201475151958326     
   3.2549999999999999       0.99852700721603238     
   3.2650000000000001        1.0840278115678303     
   3.2749999999999999       0.95601870570547076     
   3.2850000000000001       0.95020705979283293     
   3.2949999999999999        1.1543256349877600     
   3.3050000000000002       0.89403964599098096     
   3.3149999999999999        1.0960064536373095     
   3.3250000000000002       0.98637024450617172     
   3.3350000000000000       0.86339354268533142     
   3.3450000000000002       0.75641400721688312     
   3.3550000000000000        1.0989476590932985     
   3.3650000000000002        1.1067997565403753     
   3.3750000000000000        1.1002506647202261     
   3.3850000000000002       0.82387081423236430     
   3.3950000000000000       0.81902452934069359     
   3.4050000000000002        1.0528718278741680     
   3.4150000000000000        1.1304518763029576     
   3.4250000000000003       0.98511214891512233     
   3.4350000000000001       0.75867834209066820     
   3.4450000000000003       0.90513626295246152     
   3.4550000000000001        1.1453327149632453     
   3.4649999999999999       0.88116119618593869     
   3.4750000000000001        1.1591438095522364     
   3.4849999999999999        1.1390999934554022     
   3.4950000000000001        1.0526432776878856     
   3.5049999999999999        1.0333966515482040     
   3.5150000000000001        1.2778196700516589     
   3.5249999999999999        1.0086046771526074     
   3.5350000000000001        1.0029063608434510     
   3.5449999999999999        1.1138186120369571     
   3.5550000000000002       0.97877503216555894     
   3.5649999999999999       0.88364642367513779     
   3.5750000000000002        1.0187940456243558     
   3.5850000000000000       0.92447047384384406     
   3.5950000000000002       0.95711541152082635     
   3.6050000000000000        1.0520036726288482     
   3.6150000000000002        1.2330114254076570     
   3.6250000000000000        1.0280413462084670     
   3.6350000000000002       0.91153091374502004     
   3.6450000000000000        1.0290411331403226     
   3.6550000000000002       0.98686732973810121     
   3.6650000000000000       0.99360647158135817     
   3.6750000000000003       0.98820644973753424     
   3.6850000000000001       0.93490641181204692     
   3.6950000000000003        1.1563554996137959     
   3.7050000000000001        1.0315525354347606     
   3.7149999999999999        1.0260065674563124     
   3.7250000000000001       0.91493570101247002     
   3.7349999999999999       0.87504135424980012     
   3.7450000000000001       0.99802940157643816     
   3.7549999999999999       0.88883136658660555     
   3.7650000000000001        1.0563464994253640     
   3.7749999999999999        1.0507573775811487     
   3.7850000000000001        1.1020175236624747     
   3.7949999999999999       0.90409686173764803     
   3.8050000000000002       0.94431850524863914     
   3.8149999999999999       0.99528958590373329     
   3.8250000000000002        1.0679646882798195     
   3.8350000000000000       0.95173546971826029     
   3.8450000000000002        1.2000030541263953     
   3.8550000000000000        1.1499767958268108     
   3.8650000000000002        1.0677648581147432     
   3.8750000000000000       0.99722454443286435     
   3.8850000000000002       0.94896276608976438     
   3.8950000000000000       0.92263956694377736     
   3.9050000000000002       0.89657321204663165     
   3.9150000000000000        1.1043795519370070     
   3.9250000000000003        1.0459343450053804     
   3.9350000000000001        1.1352273218606659     
   3.9450000000000003        1.0039816424284831     
   3.9550000000000001        1.0717483021298932     
   3.9650000000000003        1.0767019814666527     
   3.9750000000000001        1.0300879136153855     
   3.9849999999999999       0.98392759345490743     
   3.9950000000000001       0.99940396504930362     
   4.0049999999999999       0.94368373243898951     
   4.0149999999999997       0.96927875943699549     
   4.0250000000000004        1.0347942776018322     
   4.0350000000000001       0.99968111081688371     
   4.0449999999999999       0.99474442403052421     
   4.0549999999999997       0.85126602500887505     
   4.0650000000000004        1.1721263494657841     
   4.0750000000000002        1.0585639454521989     
   4.0850000000000000        1.0924019596836247     
   4.0949999999999998       0.83471690624717365     
   4.1050000000000004       0.89826648758106309     
   4.1150000000000002        1.0476962552322513     
   4.1250000000000000        1.1956682059146972     
   4.1349999999999998       0.97095190649039065     
   4.1450000000000005        1.0894250231992464     
   4.1550000000000002       0.95219938012031835     
   4.1650000000000000        1.0883699832247891     
   4.1749999999999998       0.92442315214557846     
   4.1850000000000005        1.0686992277378404     
   4.1950000000000003        1.1098541148894829     
   4.2050000000000001       0.95730410422823820     
   4.2149999999999999        1.0901854620124318     
   4.2249999999999996        1.0029697676392630     
   4.2350000000000003        1.1071375637215715     
   4.2450000000000001       0.95741243040154056     
   4.2549999999999999       0.97988690910856380     
   4.2649999999999997       0.95740192028813587     
   4.2750000000000004        1.1132337473121394     
   4.2850000000000001        1.0991795049675799     
   4.2949999999999999        1.0323052017165053     
   4.3049999999999997        1.0011683942822351     
   4.3150000000000004        1.0664655295927821     
   4.3250000000000002        1.0876430333911198     
   4.3350000000000000       0.94405411201650269     
   4.3449999999999998       0.94833486706845838     
   4.3550000000000004        1.0212198278002551     
   4.3650000000000002       0.94820683002830675     
   4.3750000000000000       0.98639411367423213     
   4.3849999999999998       0.88878906340893948     
   4.3950000000000005        1.0701251262068765     
   4.4050000000000002       0.98978024571248502     
   4.4150000000000000       0.98530160972553305     
   4.4249999999999998        1.0889134126892634     
   4.4350000000000005        1.1667571388833280     
   4.4450000000000003       0.87319439230202445     
   4.4550000000000001        1.0578958116561776     
   4.4649999999999999        1.0694906058291167     
   4.4750000000000005        1.0484608944768632     
   4.4850000000000003       0.88196268262562816     
   4.4950000000000001       0.96665268434576157     
   4.5049999999999999        1.0826617311583151     
   4.5149999999999997        1.1577135114957506     
   4.5250000000000004        1.1128572983720211     
   4.5350000000000001       0.93384766034679567     
   4.5449999999999999       0.96125954860142293     
   4.5549999999999997        1.0276450747435615     
   4.5650000000000004       0.99190657727258102     
   4.5750000000000002       0.94869420438518348     
   4.5850000000000000        1.0142411573279115     
   4.5949999999999998       0.86336732102486680     
   4.6050000000000004        1.1666294481296240     
   4.6150000000000002        1.0928014015174883     
   4.6250000000000000        1.1261256706309224     
   4.6349999999999998       0.93944384687254023     
   4.6450000000000005       0.91277251100535850     
   4.6550000000000002        1.0365454157456595     
   4.6650000000000000        1.1218546259591604     
   4.6749999999999998        1.0872721058599906     
   4.6850000000000005       0.91208338112119614     
   4.6950000000000003       0.90081842354323105     
   4.7050000000000001        1.0587461877948801     
   4.7149999999999999       0.90783498438056620     
   4.7250000000000005        1.1372857487424102     
   4.7350000000000003       0.93647970228386290     
   4.7450000000000001        1.0409711282130398     
   4.7549999999999999       0.94301560512000526     
   4.7649999999999997       0.99640894446710204     
   4.7750000000000004        1.1635618683694680     
   4.7850000000000001        1.0449658048621659     
   4.7949999999999999       0.96982186950542881     
   4.8049999999999997        1.0856318262923865     
   4.8150000000000004       0.93370070870432254     
   4.8250000000000002       0.85293085686864623     
   4.8350000000000000        1.0930885050223493     
   4.8449999999999998        1.0053772920004218     
   4.8550000000000004        1.0081450457936540     
   4.8650000000000002        1.0383885524666692     
   4.8750000000000000        1.0272843056094891     
   4.8849999999999998       0.86621005292599373     
   4.8950000000000005       0.88305264455928789     
   4.9050000000000002       0.94710613174217684     
   4.9150000000000000       0.99715646139334235     
   4.9249999999999998        1.0065316291968907     
   4.9350000000000005       0.97572443172377743     
   4.9450000000000003        1.0250304512937731     
   4.9550000000000001        1.1137061122926646     
   4.9649999999999999       0.88473851240741619     
   4.9750000000000005        1.0587376225869798     
   4.9850000000000003       0.94315008379885279     
   4.9950000000000001        1.0307058554417390     
   5.0049999999999999        1.0980628105666632     
   5.0149999999999997        1.0354443210711171     
   5.0250000000000004       0.99265247973324988     
   5.0350000000000001       0.89883035251889132     
   5.0449999999999999       0.92724458419154299     
   5.0549999999999997        1.0955564799029942     
   5.0650000000000004       0.79939290829493392     
   5.0750000000000002        1.0869385694073088     
   5.0850000000000000        1.0511947982952103     
   5.0949999999999998        1.0846918412633821     
   5.1050000000000004        1.1928628739496669     
   5.1150000000000002        1.0700050293036569     
   5.1250000000000000        1.0906203000300032     
   5.1349999999999998       0.99378772789195180     
   5.1450000000000005       0.83006415525573540     
   5.1550000000000002        1.0534641429231986     
   5.1650000000000000       0.89076030420086216     
   5.1749999999999998        1.0574922454408888     
   5.1850000000000005       0.98076767822140687     
   5.1950000000000003        1.1157047370865354     
   5.2050000000000001       0.97925272698889632     
   5.2149999999999999       0.95754680287649130     
   5.2250000000000005        1.0611971297964251     
   5.2350000000000003        1.0096345498862969     
   5.2450000000000001       0.99987192576243600     
   5.2549999999999999       0.88997982561832678     
   5.2649999999999997       0.99228998818382264     
   5.2750000000000004        1.0762707846269379     
   5.2850000000000001        1.0314114302406665     
   5.2949999999999999       0.92883102035103937     
   5.3049999999999997       0.88484930120981542     
   5.3150000000000004        1.0198008909051060     
   5.3250000000000002       0.99875434786015693     
   5.3350000000000000       0.94926594296524258     
   5.3449999999999998        1.0767504077823065     
   5.3550000000000004        1.0443535154353665     
   5.3650000000000002       0.94998881035651883     
   5.3750000000000000       0.99152665073031232     
   5.3849999999999998       0.95417090079151468     
   5.3950000000000005       0.98978081247932648     
   5.4050000000000002       0.93597995458392436     
   5.4150000000000000       0.83261264101765498     
   5.4249999999999998       0.96227328026678993     
   5.4350000000000005        1.0524050766413795     
   5.4450000000000003        1.0320737815338548     
   5.4550000000000001       0.99547542458619431     
   5.4649999999999999        1.1226271809876012     
   5.4750000000000005       0.92305874285760581     
   5.4850000000000003        1.0062556840916930     
   5.4950000000000001        1.0241577932526398     
   5.5049999999999999        1.0956306874843329     
   5.5149999999999997        1.0488507795315782     
   5.5250000000000004        1.0237297681294943     
   5.5350000000000001       0.93503116374657702     
   5.5449999999999999       0.98459700878104917     
   5.5549999999999997        1.0127022418042275     
   5.5650000000000004        1.0984103548933757     
   5.5750000000000002        1.0997101192924099     
   5.5850000000000000        1.0540317304442213     
   5.5949999999999998        1.1126594543508106     
   5.6050000000000004       0.94808773246888867     
   5.6150000000000002       0.88276531517055590     
   5.6250000000000000        1.0751025814835988     
   5.6349999999999998       0.99440331103779822     
   5.6450000000000005        1.0317444701332963     
   5.6550000000000002        1.0586363199075266     
   5.6650000000000000        1.0396872219180051     
   5.6749999999999998        1.0562415036015860     
   5.6850000000000005        1.0827450237130987     
   5.6950000000000003       0.96854215348075667     
   5.7050000000000001       0.97515126653824091     
   5.7149999999999999       0.94184190712178728     
   5.7250000000000005        1.0130429568683463     
   5.7350000000000003        1.0293075703993610     
   5.7450000000000001       0.99613908414228591     
   5.7549999999999999       0.87965231966961621     
   5.7649999999999997       0.98923944198027369     
   5.7750000000000004        1.0004573102402754     
   5.7850000000000001        1.0213186124128335     
   5.7949999999999999        1.0226434791497865     
   5.8049999999999997        1.0867427437694803     
   5.8150000000000004       0.88566006879965498     
   5.8250000000000002       0.94498093479577916     
   5.8350000000000000       0.97520771159779873     
   5.8449999999999998       0.97187367139221992     
   5.8550000000000004        1.0112871422605878     
   5.8650000000000002        1.0031098831383747     
   5.8750000000000000        1.0232757298492026     
   5.8849999999999998        1.0010029355255268     
   5.8950000000000005        1.0397622313843125     
   5.9050000000000002       0.95222383103734110     
   5.9150000000000000       0.94435486727999052     
   5.9249999999999998       0.92726094809865689     
   5.9350000000000005        1.1366907981919843     
   5.9450000000000003        1.0269512532641194     
   5.9550000000000001        1.0005565662604781     
   5.9649999999999999        1.0200762867266464     
   5.9750000000000005       0.95283818241617391     
   5.9850000000000003        1.0269015636007592     
   5.9950000000000001        1.0280072277651640     
   6.0049999999999999        1.0200726460378127     
   6.0150000000000006       0.89972009158592603     
   6.0250000000000004        1.0536647390004692     
   6.0350000000000001        1.0457069529718408     
   6.0449999999999999        1.0333419533485004     
   6.0549999999999997        1.0121741458114899     
   6.0650000000000004       0.93804341404878222     
   6.0750000000000002       0.97905952826296205     
   6.0850000000000000       0.88793033443185831     
   6.0949999999999998       0.92445063366174873     
   6.1050000000000004       0.96509402424240420     
   6.1150000000000002        1.0576988704903272     
   6.1250000000000000       0.92843237746172347     
   6.1349999999999998        1.0248679270776380     
   6.1450000000000005       0.94826036186587759     
   6.1550000000000002       0.99673695701163401     
   6.1650000000000000       0.99778839953012510     
   6.1749999999999998        1.0287072729493612     
   6.1850000000000005       0.97007236097681060     
   6.1950000000000003        1.0263167970151412     
   6.2050000000000001       0.96805627221256951     
   6.2149999999999999       0.97337100838424018     
   6.2250000000000005       0.99544742516543194     
   6.2350000000000003        1.0090038430337134     
   6.2450000000000001        1.0182950546595080     
   6.2549999999999999       0.96512163407724172     
   6.2650000000000006        1.0366843736895210     
   6.2750000000000004        1.0747181472488960     
   6.2850000000000001        1.0094950998778180     
   6.2949999999999999        1.0678999698712033     
   6.3049999999999997       0.94168651135655401     
   6.3150000000000004       0.95911315613848147     
   6.3250000000000002       0.98863028441785372     
   6.3350000000000000       0.98956718269409227     
   6.3449999999999998        1.0470928832164639     
   6.3550000000000004        1.1284325848847845     
   6.3650000000000002        1.0244530543899408     
   6.3750000000000000       0.87706631996847539     
   6.3849999999999998       0.87432120071068098     
   6.3950000000000005        1.0626221435275323     
   6.4050000000000002       0.98789270223137937     
   6.4150000000000000       0.90966861925300535     
   6.4249999999999998       0.98569475016948294     
   6.4350000000000005        1.0651748102734195     
   6.4450000000000003        1.0070150920328285     
   6.4550000000000001        1.0234284785789578     
   6.4649999999999999        1.1020418242705130     
   6.4750000000000005       0.93170922684340274     
   6.4850000000000003       0.86691547996158436     
   6.4950000000000001       0.97999555649603032     
   6.5049999999999999       0.98467761368776374     
   6.5150000000000006        1.0468453015427739     
   6.5250000000000004        1.0512847469805715     
   6.5350000000000001        1.0442586484751160     
   6.5449999999999999        1.0372705491095049     
   6.5549999999999997        1.0833513861783317     
   6.5650000000000004        1.0007488866535947     
   6.5750000000000002       0.84710980109717082     
   6.5850000000000000       0.87832046471643521     
   6.5949999999999998       0.98043858578063658     
   6.6050000000000004        1.0595498630682521     
   6.6150000000000002        1.0191534279368950     
   6.6250000000000000        1.0568705561046849     
   6.6349999999999998        1.0130185841746941     
   6.6450000000000005        1.0099719140411432     
   6.6550000000000002       0.99591408842532836     
   6.6650000000000000       0.98193602040151007     
   6.6749999999999998        1.0374436224198433     
   6.6850000000000005        1.1800241418521127     
   6.6950000000000003       0.99131160440326027     
   6.7050000000000001       0.99921794210800829     
   6.7149999999999999       0.98541534136838538     
   6.7250000000000005        1.0364697152169158     
   6.7350000000000003        1.0011005728219036     
   6.7450000000000001        1.0517974882304060     
   6.7549999999999999       0.97377954478570561     
   6.7650000000000006       0.97445921836133598     
   6.7750000000000004       0.93967134311055178     
   6.7850000000000001       0.95104547572143805     
   6.7949999999999999       0.99759949703255768     
   6.8049999999999997        1.0298170304369794     
   6.8150000000000004       0.85157570320497078     
   6.8250000000000002        1.0342728118504261     
   6.8350000000000000       0.95808571532928910     
   6.8449999999999998       0.85454888415942165     
   6.8550000000000004        1.1222220596879384     
   6.8650000000000002        1.0291623515965105     
   6.8750000000000000       0.93319541385050186     
   6.8849999999999998        1.0815618868337842     
   6.8950000000000005       0.88670658445598483     
   6.9050000000000002       0.96948185424365818     
   6.9150000000000000        1.0449673410372837     
   6.9249999999999998        1.0385575853345173     
   6.9350000000000005       0.93065448421123464     
   6.9450000000000003       0.98871661342847017     
   6.9550000000000001       0.97241642482982260     
   6.9649999999999999        1.0870549064759401     
   6.9750000000000005       0.99695728751563573     
   6.9850000000000003        1.1408853343710805     
   6.9950000000000001        1.0677714567564123     
   7.0049999999999999        1.0813095373757848     
   7.0150000000000006       0.91947125819542652     
   7.0250000000000004       0.94323973835580688     
   7.0350000000000001        1.0490862450991387     
   7.0449999999999999       0.98380261683960168     
   7.0549999999999997       0.97120548602980294     
   7.0650000000000004        1.0793253450195732     
   7.0750000000000002       0.97872869493834869     
   7.0850000000000000       0.95975573584945928     
   7.0949999999999998        1.0605173030966191     
   7.1050000000000004        1.0027229136697726     
   7.1150000000000002        1.0031214108535396     
   7.1250000000000000       0.93618532534428966     
   7.1349999999999998       0.93036582578120541     
   7.1450000000000005        1.0234091175067332     
   7.1550000000000002        1.0618811376445327     
   7.1650000000000000       0.97014746459883316     
   7.1749999999999998        1.0053841294768131     
   7.1850000000000005        1.0278098407790894     
   7.1950000000000003        1.0186667489306132     
   7.2050000000000001       0.95313480810237949     
   7.2149999999999999       0.95674780076649069     
   7.2250000000000005        1.1318259300098945     
   7.2350000000000003       0.94524683105888774     
   7.2450000000000001       0.99535263465519619     
   7.2549999999999999       0.93695020962201714     
   7.2650000000000006        1.0176335591476227     
   7.2750000000000004       0.98408520176231895     
   7.2850000000000001        1.0580561141396552     
   7.2949999999999999       0.94811238534815356     
   7.3049999999999997        1.0644706835798303     
   7.3150000000000004        1.0493953924450456     
   7.3250000000000002       0.97372987188308890     
   7.3350000000000000       0.98922762419880828     
   7.3449999999999998        1.0589421509321262     
   7.3550000000000004       0.92067169603662646     
   7.3650000000000002       0.97518402532121640     
   7.3750000000000000        1.0024655980138535     
   7.3849999999999998       0.99378389488903573     
   7.3950000000000005        1.0178844263807931     
   7.4050000000000002       0.92608998748285032     
   7.4150000000000000        1.0449634862752109     
   7.4249999999999998        1.0244370566227576     
   7.4350000000000005        1.0040172033795078     
   7.4450000000000003       0.98370329040811977     
   7.4550000000000001        1.0220657916291460     
   7.4649999999999999        1.0105671953575381     
   7.4750000000000005       0.96417156996668207     
   7.4850000000000003       0.97321752229832770     
   7.4950000000000001        1.0459541553358280     
   7.5049999999999999        1.0605066431665346     
   7.5150000000000006        1.0115744907420914     
   7.5250000000000004        1.0433795949233620     
   7.5350000000000001        1.0492121106836414     
   7.5449999999999999        1.0207007897975229     
   7.5549999999999997        1.0693282822843455     
   7.5650000000000004       0.99255889449675050     
   7.5750000000000002        1.0211415546166185     
   7.5850000000000000        1.0410830411152177     
   7.5949999999999998       0.99037640222876389     
   7.6050000000000004        1.0468711391188421     
   7.6150000000000002        1.0413166639589568     
   7.6250000000000000       0.97140090335703011     
   7.6349999999999998        1.0246999284634490     
   7.6450000000000005       0.96910980823886961     
   7.6550000000000002       0.93324916938495461     
   7.6650000000000000       0.98622136015122097     
   7.6749999999999998       0.99194228813389596     
   7.6850000000000005        1.0940860693046244     
   7.6950000000000003        1.0060337776818313     
   7.7050000000000001       0.97326653887619308     
   7.7149999999999999       0.98168309761690653     
   7.7250000000000005        1.0064173516111707     
   7.7350000000000003        1.0010964207195749     
   7.7450000000000001       0.97680614431410995     
   7.7549999999999999       0.92286781666178297     
   7.7650000000000006        1.0635600803892282     
   7.7750000000000004       0.95043547203855272     
   7.7850000000000001        1.0607879765722690     
   7.7949999999999999       0.88663420492107792     
   7.8050000000000006        1.0366559337214163     
   7.8150000000000004        1.0286747203893489     
   7.8250000000000002        1.0100982799739104     
   7.8350000000000000        1.0260811066264690     
   7.8449999999999998       0.95470683929481459     
   7.8550000000000004        1.0393278644889306     
   7.8650000000000002       0.92091451557469528     
   7.8750000000000000       0.98943883777134545     
   7.8849999999999998       0.96075222123837800     
   7.8950000000000005       0.97920974635706193     
   7.9050000000000002       0.95589688046449584     
   7.9150000000000000       0.91711035220812198     
   7.9249999999999998       0.96921871009859917     
   7.9350000000000005        1.0598361372189657     
   7.9450000000000003        1.0081790846822813     
   7.9550000000000001       0.96449421937830793     
   7.9649999999999999       0.98259815232319914     
   7.9750000000000005       0.96989909949743025     
   7.9850000000000003        1.0185252137141612     
   7.9950000000000001       0.94213582391697737     
   8.0050000000000008        1.0058222614257752     
   8.0150000000000006        1.0565200220627193     
   8.0250000000000004        1.0589432127809155     
   8.0350000000000001        1.0008465005646519     
   8.0449999999999999       0.99081564512691633     
   8.0549999999999997        1.0209678122769716     
   8.0649999999999995       0.93335921419663948     
   8.0749999999999993        1.0758232832341270     
   8.0850000000000009       0.96111639874352595     
   8.0950000000000006       0.93638915527501398     
   8.1050000000000004        1.1397261810620500     
   8.1150000000000002       0.98121050680590827     
   8.1250000000000000       0.97879670604001667     
   8.1349999999999998       0.98868892730128755     
   8.1449999999999996       0.99362286741206329     
   8.1549999999999994       0.95692424622420225     
   8.1650000000000009       0.93505063188619053     
   8.1750000000000007        1.0472290121014425     
   8.1850000000000005       0.96449919998804134     
   8.1950000000000003        1.0178882642687181     
   8.2050000000000001       0.95013236573129412     
   8.2149999999999999        1.0274085993857223     
   8.2249999999999996       0.99122931099591471     
   8.2349999999999994        1.0848256891704762     
   8.2450000000000010        1.0678303788951913     
   8.2550000000000008        1.0222528904571730     
   8.2650000000000006       0.95306607106502972     
   8.2750000000000004       0.98641762948519007     
   8.2850000000000001        1.1239372109725683     
   8.2949999999999999        1.0786506160570581     
   8.3049999999999997        1.0854936622721369     
   8.3149999999999995       0.99107454757639690     
   8.3249999999999993       0.95346835464535717     
   8.3350000000000009        1.0097521725181542     
   8.3450000000000006       0.97928719430519218     
   8.3550000000000004        1.0492242992646097     
   8.3650000000000002        1.0304349259584833     
   8.3750000000000000        1.0395780892595545     
   8.3849999999999998        1.0000606702618904     
   8.3949999999999996        1.0300117829887994     
   8.4049999999999994        1.0114346319215672     
   8.4150000000000009       0.87572040743364787     
   8.4250000000000007       0.98370801203809954     
   8.4350000000000005        1.0019652791439586     
   8.4450000000000003       0.99731158725355462     
   8.4550000000000001       0.98129318377101793     
   8.4649999999999999        1.0425754559167844     
   8.4749999999999996       0.96080483297743391     
   8.4849999999999994       0.91558794542068622     
   8.4950000000000010       0.98109537160407356     
   8.5050000000000008        1.0237914474795529     
   8.5150000000000006        1.0954668856057002     
   8.5250000000000004        1.0122747317475984     
   8.5350000000000001       0.93617213199008997     
   8.5449999999999999       0.94066948045253018     
   8.5549999999999997        1.0096353830007931     
   8.5649999999999995        1.0139352052701649     
   8.5750000000000011       0.98058265297484870     
   8.5850000000000009        1.0357167052720184     
   8.5950000000000006        1.0663562951458665     
   8.6050000000000004        1.0550868874251897     
   8.6150000000000002       0.91228703895840602     
   8.6250000000000000        1.0348839966343086     
   8.6349999999999998       0.98883141670806751     
   8.6449999999999996       0.98654510231339898     
   8.6549999999999994        1.0038216758838259     
   8.6650000000000009       0.87360809644623849     
   8.6750000000000007        1.0186633440199431     
   8.6850000000000005       0.99474099960269424     
   8.6950000000000003        1.0290523352990077     
   8.7050000000000001        1.0395767296178180     
   8.7149999999999999       0.95790288021509440     
   8.7249999999999996       0.98777912362636933     
   8.7349999999999994       0.96845350056473523     
   8.7450000000000010        1.0513711616805907     
   8.7550000000000008       0.92156541502803346     
   8.7650000000000006       0.95759822710709930     
   8.7750000000000004        1.0188295377353993     
   8.7850000000000001        1.0376008305674083     
   8.7949999999999999        1.0310343444312866     
   8.8049999999999997       0.99090499550812994     
   8.8149999999999995        1.0284557219641517     
   8.8250000000000011        1.0261262649272047     
   8.8350000000000009        1.0300601392298341     
   8.8450000000000006       0.91746954135182190     
   8.8550000000000004        1.0005035813114522     
   8.8650000000000002        1.0127450279537944     
   8.8750000000000000        1.0207960151220201     
   8.8849999999999998        1.0679812697945221     
   8.8949999999999996        1.0018110026647593     
   8.9049999999999994       0.98314235551760520     
   8.9150000000000009        1.0403267321577809     
   8.9250000000000007        1.0073472630015361     
   8.9350000000000005       0.90723467005677505     
   8.9450000000000003       0.98047176061297414     
   8.9550000000000001       0.96813504242262571     
   8.9649999999999999       0.94572535841859484     
   8.9749999999999996        1.0183811769446798     
   8.9849999999999994       0.98990626055217190     
   8.9950000000000010       0.98971809190633764     
   9.0050000000000008       0.97748537615848974     
   9.0150000000000006        1.0794587351099225     
   9.0250000000000004       0.96516474901856275     
   9.0350000000000001       0.90122008737356829     
   9.0449999999999999        1.0424683703310296     
   9.0549999999999997        1.0322269095891248     
   9.0649999999999995        1.0002406576580525     
   9.0750000000000011        1.0593031527092713     
   9.0850000000000009       0.94259856873519354     
   9.0950000000000006        1.0703904745900399     
   9.1050000000000004       0.97576498899229236     
   9.1150000000000002       0.92465004598087974     
   9.1250000000000000        1.0535902960696055     
   9.1349999999999998       0.97716829077963430     
   9.1449999999999996       0.94778599015521903     
   9.1549999999999994        1.0253354396829231     
   9.1650000000000009       0.98434540226455214     
   9.1750000000000007       0.97060006219750028     
   9.1850000000000005       0.98778035192128333     
   9.1950000000000003        1.0934366140084566     
   9.2050000000000001       0.96428381020585252     
   9.2149999999999999        1.0656948237795711     
   9.2249999999999996        1.0174840889519263     
   9.2349999999999994        1.0190985919588413     
   9.2450000000000010       0.92548883200736043     
   9.2550000000000008       0.98619604364089575     
   9.2650000000000006       0.99354875622581218     
   9.2750000000000004       0.98005549404480163     
   9.2850000000000001       0.99682483821042911     
   9.2949999999999999        1.0511971029870146     
   9.3049999999999997        1.0057030605972268     
   9.3149999999999995        1.0391848127009735     
   9.3250000000000011       0.96770192955999212     
   9.3350000000000009        1.1281245205838957     
   9.3450000000000006        1.0176133043471542     
   9.3550000000000004       0.96894446183093175     
   9.3650000000000002       0.97615532104216007     
   9.3750000000000000       0.97777767049999798     
   9.3849999999999998        1.0274364833784466     
   9.3949999999999996       0.99943479034190630     
   9.4049999999999994       0.99731059392595267     
   9.4150000000000009       0.98601241373213755     
   9.4250000000000007       0.91063097089950773     
   9.4350000000000005        1.0458296871356054     
   9.4450000000000003        1.0290202597460869     
   9.4550000000000001       0.96494275404274099     
   9.4649999999999999       0.90658401056154392     
   9.4749999999999996       0.97537716650489514     
   9.4849999999999994        1.0040770924169491     
   9.4950000000000010        1.0272379952533268     
   9.5050000000000008       0.96022213496303555     
   9.5150000000000006        1.0139353514906435     
   9.5250000000000004        1.0961247604201187     
   9.5350000000000001        1.1153094926466776     
   9.5449999999999999       0.96826931238178360     
   9.5549999999999997       0.97694006921942045     
   9.5649999999999995        1.0158156664533780     
   9.5750000000000011       0.96221133418742866     
   9.5850000000000009        1.0983890689094886     
   9.5950000000000006        1.0465994345697436     
   9.6050000000000004       0.97738073307265871     
   9.6150000000000002       0.97182764258208343     
   9.6250000000000000       0.98386451706563116     
   9.6349999999999998       0.97305702559771878     
   9.6449999999999996        1.0270282386149996     
   9.6549999999999994       0.97077589288657573     
   9.6650000000000009        1.0036158569133149     
   9.6750000000000007       0.97893801852251028     
   9.6850000000000005       0.94741911013251301     
   9.6950000000000003        1.0199254198783716     
   9.7050000000000001       0.96252687364708933     
   9.7149999999999999        1.0243528574999172     
   9.7249999999999996        1.0910855047126087     
   9.7349999999999994        1.1025844536587324     
   9.7450000000000010        1.0334807069781662     
   9.7550000000000008        1.0091278979066840     
   9.7650000000000006       0.97121754586445141     
   9.7750000000000004        1.0561045312761375     
   9.7850000000000001        1.0318481260827548     
   9.7949999999999999       0.99072407176011579     
   9.8049999999999997       0.97177438039128972     
   9.8149999999999995        1.0002069035778605     
   9.8250000000000011       0.94084445538712169     
   9.8350000000000009        1.0247485517486057     
   9.8450000000000006       0.99579972402907113     
   9.8550000000000004       0.97534548220211448     
   9.8650000000000002        1.0168529418302343     
   9.8750000000000000       0.98642034644673482     
   9.8849999999999998       0.98609125851134605     
   9.8949999999999996       0.91594363979054583     
   9.9049999999999994        1.0003618061761879     
   9.9150000000000009       0.92218596392633678     
   9.9250000000000007       0.95337450092288045     
   9.9350000000000005       0.98443566218629752     
   9.9450000000000003       0.98903952348308533     
   9.9550000000000001       0.96898762994504395     
   9.9649999999999999       0.95557042261684455     
   9.9749999999999996        1.0141790403642652     
   9.9849999999999994        1.0317386264946831     
   9.9950000000000010        1.0247874514337079     
   10.005000000000001       0.95119690933693291     
   10.015000000000001        1.0044712067675285     
   10.025000000000000        1.0138047486442270     
   10.035000000000000        1.0327967320513012     
   10.045000000000000        1.0178369849794309     
   10.055000000000000       0.96268850208908052     
   10.065000000000000        1.0218291975704821     
   10.075000000000001       0.96528405523596827     
   10.085000000000001       0.96017014074852813     
   10.095000000000001        1.0397216635795845     
   10.105000000000000       0.99781596551357687     
   10.115000000000000       0.98948077741103990     
   10.125000000000000       0.98435188418057640     
   10.135000000000000       0.98082582951421671     
   10.145000000000000        1.0706149838635701     
   10.154999999999999       0.91225601240228527     
   10.165000000000001       0.99237207524232507     
   10.175000000000001       0.95426414640403501     
   10.185000000000000       0.96494331275170186     
   10.195000000000000       0.97088095274995478     
   10.205000000000000       0.99867365146724252     
   10.215000000000000        1.0419538227690950     
   10.225000000000000       0.96519220986359500     
   10.234999999999999        1.0114724228999270     
   10.245000000000001        1.0126001976587846     
   10.255000000000001        1.0121739854011220     
   10.265000000000001        1.0673550079839875     
   10.275000000000000        1.0544869097738956     
   10.285000000000000       0.99704593248619511     
   10.295000000000000        1.0534651330263067     
   10.305000000000000       0.97325464579998688     
   10.315000000000000        1.0325570605262309     
   10.325000000000001       0.91452473084355956     
   10.335000000000001       0.94170801285699735     
   10.345000000000001        1.0311395778723371     
   10.355000000000000       0.97450388394127363     
   10.365000000000000        1.0150441735597473     
   10.375000000000000       0.98133488787195300     
   10.385000000000000        1.0005741522764489     
   10.395000000000000       0.99262493427066645     
   10.404999999999999        1.0388255709493759     
   10.415000000000001        1.0383321444936047     
   10.425000000000001       0.96745136989980640     
   10.435000000000000        1.0388399700773159     
   10.445000000000000       0.99507931519961357     
   10.455000000000000        1.0021108015107907     
   10.465000000000000        1.0343786018204393     
   10.475000000000000       0.97010432002224489     
   10.484999999999999       0.99786497806438001     
   10.495000000000001        1.0166519688561071     
   10.505000000000001        1.0161922118546007     
   10.515000000000001        1.0672550201131785     
   10.525000000000000        1.0182109880595382     
   10.535000000000000       0.97228414192511314     
   10.545000000000000       0.98654178002954784     
   10.555000000000000        1.0474937355897807     
   10.565000000000000        1.0105155151210909     
   10.575000000000001        1.0013281840609358     
   10.585000000000001       0.98345772985060986     
   10.595000000000001        1.0222001707450545     
   10.605000000000000       0.97830462021409392     
   10.615000000000000        1.0400189529692081     
   10.625000000000000        1.0236446612018439     
   10.635000000000000       0.98430540012046552     
   10.645000000000000       0.95085744760244817     
   10.654999999999999        1.0623314883580346     
   10.665000000000001       0.99308519072648771     
   10.675000000000001       0.97551441447104104     
   10.685000000000000       0.95515643188494903     
   10.695000000000000       0.97613816416433496     
   10.705000000000000        1.0183441369865014     
   10.715000000000000        1.0121913369829258     
   10.725000000000000        1.0357745466996453     
   10.734999999999999       0.99288736148865053     
   10.745000000000001       0.93747039297979429     
   10.755000000000001        1.0215615690081254     
   10.765000000000001       0.98455210471037291     
   10.775000000000000       0.97711791459838815     
   10.785000000000000       0.97950463752058670     
   10.795000000000000       0.94696331728790695     
   10.805000000000000       0.99539951509527225     
   10.815000000000000       0.98103573006916822     
   10.825000000000001       0.97505711948502782     
   10.835000000000001       0.96909889887837442     
   10.845000000000001        1.0171312136566846     
   10.855000000000000       0.96691242320390391     
   10.865000000000000        1.0257989025011847     
   10.875000000000000       0.98813132886974442     
   10.885000000000000        1.0220327787214405     
   10.895000000000000       0.95434087750418173     
   10.904999999999999       0.98133338070394172     
   10.915000000000001       0.99866229457873468     
   10.925000000000001        1.0009258944612107     
   10.935000000000000        1.0249582080286683     
   10.945000000000000        1.0176514182384577     
   10.955000000000000        1.0076571858876415     
   10.965000000000000        1.0680915705188858     
   10.975000000000000       0.94453243130623499     
   10.984999999999999       0.99406806452854324     
   10.995000000000001        1.0474610585193385     
   11.005000000000001       0.98239476561745864     
   11.015000000000001        1.0060996944236635     
   11.025000000000000       0.94535790808489861     
   11.035000000000000       0.99710962680038062     
   11.045000000000000        1.0513408369195616     
   11.055000000000000        1.0361219161821735     
   11.065000000000000        1.0129800487601606     
   11.075000000000001        1.0376909765802689     
   11.085000000000001       0.94839746497770616     
   11.095000000000001       0.94668864117920193     
   11.105000000000000       0.97270045549846418     
   11.115000000000000        1.0131089754942053     
   11.125000000000000       0.94553499778369610     
   11.135000000000000        1.0199745448871671     
   11.145000000000000       0.94869623694787575     
   11.154999999999999       0.96792415476845883     
   11.165000000000001        1.0353912488035142     
   11.175000000000001        1.0309323730066897     
   11.185000000000000       0.95753486264893273     
   11.195000000000000        1.0986792562357939     
   11.205000000000000       0.97745412065259751     
   11.215000000000000        1.0184153445625082     
   11.225000000000000        1.0333942611908302     
   11.234999999999999       0.98255659646429638     
   11.245000000000001        1.0194243898642812     
   11.255000000000001        1.0291774817557300     
   11.265000000000001       0.93628750141137596     
   11.275000000000000        1.0191279786697924     
   11.285000000000000        1.0224347890863463     
   11.295000000000000        1.0002126670544180     
   11.305000000000000        1.0009909957303575     
   11.315000000000000       0.98142460532574782     
   11.325000000000001        1.0012657027132343     
   11.335000000000001       0.97669752559886458     
   11.345000000000001        1.0976388828561119     
   11.355000000000000       0.97325996570451734     
   11.365000000000000       0.99927049797743872     
   11.375000000000000        1.0377670955763703     
   11.385000000000000       0.96562617259039707     
   11.395000000000000        1.0140716026590109     
   11.404999999999999        1.0410737729780590     
   11.415000000000001       0.94306988920022583     
   11.425000000000001       0.98506169752748451     
   11.435000000000000       0.98707376300051852     
   11.445000000000000        1.0114433648704984     
   11.455000000000000       0.98362998472550267     
   11.465000000000000       0.94600623636784109     
   11.475000000000000       0.99132883523802717     
   11.484999999999999        1.0648723628373684     
   11.495000000000001        1.0457755843018159     
   11.505000000000001       0.98124714128632384     
   11.515000000000001        1.0016385557922522     
   11.525000000000000       0.99867573959765421     
   11.535000000000000       0.96147081868162454     
   11.545000000000000       0.92561437455362827     
   11.555000000000000       0.94717424087428304     
   11.565000000000000        1.0173344767267216     
   11.575000000000001        1.0313698946856216     
   11.585000000000001       0.98229447689805327     
   11.595000000000001        1.0810821894726013     
   11.605000000000000        1.0103334865009153     
   11.615000000000000        1.0001493613267636     
   11.625000000000000       0.99842941444011368     
   11.635000000000000        1.0123439133183332     
   11.645000000000000        1.0118062289175538     
   11.654999999999999        1.0196561998457037     
   11.665000000000001        1.0011628631558771     
   11.675000000000001        1.0245243135151501     
   11.685000000000000       0.95601717568525957     
   11.695000000000000        1.0269731837264862     
   11.705000000000000        1.0608583105649627     
   11.715000000000000       0.96535839830783898     
   11.725000000000000       0.97318380910452607     
   11.734999999999999        1.0341668808044275     
   11.745000000000001       0.96397278845018020     
   11.755000000000001        1.0000257516045750     
   11.765000000000001        1.0241959457079266     
   11.775000000000000        1.0001531879067740     
   11.785000000000000        1.0465043685695399     
   11.795000000000000        1.0049536545971787     
   11.805000000000000        1.0324500335420541     
   11.815000000000000        1.0272052184578890     
   11.825000000000001       0.97192541184841208     
   11.835000000000001       0.93542315605307891     
   11.845000000000001       0.94080471397522392     
   11.855000000000000        1.0052298336701215     
   11.865000000000000        1.0220344635853349     
   11.875000000000000       0.96722061171643015     
   11.885000000000000       0.99900919658420217     
   11.895000000000000       0.97892501917832320     
   11.904999999999999        1.0450362461110920     
   11.915000000000001       0.98825252688158127     
   11.925000000000001       0.97286126338510504     
   11.935000000000000       0.96209067635979006     
   11.945000000000000       0.96390262262373594     
   11.955000000000000        1.0294802770614886     
   11.965000000000000       0.92430201736330009     
   11.975000000000000        1.0328544129601891     
   11.984999999999999        1.0288653304273290     
   11.995000000000001        1.0565623553146506     
   12.005000000000001        1.0276987420414061     
   12.015000000000001       0.99216495585499986     
   12.025000000000000        1.0276598018749514     
   12.035000000000000        1.0034784057867736     
   12.045000000000000       0.99059437252937399     
   12.055000000000000       0.97551171037730056     
   12.065000000000000       0.97724969100887704     
   12.075000000000001       0.97786429519816764     
   12.085000000000001        1.0698593469078037     
   12.095000000000001       0.98687156612157201     
   12.105000000000000        1.0063461094089137     
   12.115000000000000        1.0357353547982877     
   12.125000000000000        1.0019218470082578     
   12.135000000000000        1.0146397718581392     
   12.145000000000000        1.0195902995414412     
   12.155000000000001       0.98927075896847283     
   12.165000000000001        1.0162405186686496     
   12.175000000000001        1.0288460941889277     
   12.185000000000000       0.93288316369638646     
   12.195000000000000        1.0156244070105069     
   12.205000000000000        1.0379986770406546     
   12.215000000000000        1.0275730898777762     
   12.225000000000000       0.94203520706906196     
   12.234999999999999        1.0253036600559127     
   12.245000000000001       0.99974862072382953     
   12.255000000000001       0.98402918620482549     
   12.265000000000001        1.0170481424957771     
   12.275000000000000       0.93653682433875751     
   12.285000000000000        1.0191315566469419     
   12.295000000000000       0.99271050454243781     
   12.305000000000000       0.96852384502872813     
   12.315000000000000       0.96480517003123256     
   12.325000000000001        1.0082414090926430     
   12.335000000000001        1.0066073066806431     
   12.345000000000001        1.0594445869894322     
   12.355000000000000       0.95430302094981156     
   12.365000000000000       0.94637287148660720     
   12.375000000000000       0.99160793044808060     
   12.385000000000000       0.99106837335476294     
   12.395000000000000       0.98629170755748852     
   12.405000000000001        1.0185480294430829     
   12.415000000000001       0.99473229511822636     
   12.425000000000001        1.0015660008041494     
   12.435000000000000       0.97258855597384519     
   12.445000000000000        1.0183164003664722     
   12.455000000000000       0.95687704843264132     
   12.465000000000000        1.0129562108364836     
   12.475000000000000        1.0134245755136568     
   12.484999999999999       0.93244479452815354     
   12.495000000000001       0.98620540591705541     
   12.505000000000001        1.0616504373322320     
   12.515000000000001        1.0246226934610951     
   12.525000000000000       0.98563677636737546     
   12.535000000000000        1.0037460839864127     
   12.545000000000000        1.0228306270315102     
   12.555000000000000        1.0242995964175710     
   12.565000000000000        1.0206080096596708     
   12.575000000000001       0.99119491024883644     
   12.585000000000001        1.0266154883983416     
   12.595000000000001       0.95316510368546037     
   12.605000000000000       0.98648242155806587     
   12.615000000000000       0.99514667053699257     
   12.625000000000000        1.1058964064390455     
   12.635000000000000       0.95427626056538284     
   12.645000000000000       0.98534077238292361     
   12.655000000000001        1.0000450472913427     
   12.665000000000001       0.99339293618902369     
   12.675000000000001        1.0201929041664755     
   12.685000000000000       0.97509034179313114     
   12.695000000000000        1.0139512301205396     
   12.705000000000000        1.0002558440905289     
   12.715000000000000       0.92821152431680565     
   12.725000000000000        1.0101811118183872     
   12.734999999999999        1.0015702288392663     
   12.745000000000001       0.97895707256375197     
   12.755000000000001        1.0044343378029801     
   12.765000000000001       0.94592587419398544     
   12.775000000000000        1.0022891025086837     
   12.785000000000000       0.99474734313450142     
   12.795000000000000       0.96933255701616527     
   12.805000000000000       0.98568658814799170     
   12.815000000000000        1.0128903632451496     
   12.825000000000001        1.0340708777399217     
   12.835000000000001        1.0245561744184257     
   12.845000000000001        1.0032322862793133     
   12.855000000000000        1.0420541087934347     
   12.865000000000000        1.0286339831417162     
   12.875000000000000       0.99856247615933080     
   12.885000000000000        1.0332859634527949     
   12.895000000000000        1.0453875521769262     
   12.905000000000001       0.97731091014302740     
   12.915000000000001       0.98458022766676345     
   12.925000000000001       0.96746866966867884     
   12.935000000000000        1.0039118857416187     
   12.945000000000000        1.0111029671951377     
   12.955000000000000        1.0066332786838399     
   12.965000000000000       0.97119101482436576     
   12.975000000000000       0.99676481020762098     
   12.984999999999999       0.98654239464704796     
   12.995000000000001        1.0544197195044358     
   13.005000000000001       0.98254804108568916     
   13.015000000000001        1.0579076051396534     
   13.025000000000000       0.97665477836514658     
   13.035000000000000        1.0824432527772849     
   13.045000000000000        1.0100073089107153     
   13.055000000000000        1.0285152045325276     
   13.065000000000000        1.0288483889403455     
   13.075000000000001       0.98728860978327904     
   13.085000000000001        1.0171502006412796     
   13.095000000000001       0.98522429651276988     
   13.105000000000000       0.93444044982824559     
   13.115000000000000       0.99073808328028012     
   13.125000000000000       0.98828414003516674     
   13.135000000000000        1.0264020402530460     
   13.145000000000000       0.96926595682352357     
   13.155000000000001        1.0101162135788178     
   13.165000000000001        1.0217295031129945     
   13.175000000000001        1.0117400979242452     
   13.185000000000000        1.0111422392919507     
   13.195000000000000        1.0058709088302911     
   13.205000000000000       0.98848006407141831     
   13.215000000000000        1.0056245695084836     
   13.225000000000000        1.0236466972893676     
   13.234999999999999        1.0276754965888024     
   13.245000000000001        1.0159187124798037     
   13.255000000000001       0.97640481552440705     
   13.265000000000001        1.0073076612319183     
   13.275000000000000       0.94113925979313728     
   13.285000000000000        1.0042770270298811     
   13.295000000000000        1.0616989552341067     
   13.305000000000000       0.98103257370187857     
   13.315000000000000        1.0465772159231224     
   13.325000000000001        1.0010066648681393     
   13.335000000000001        1.0187271729460359     
   13.345000000000001       0.99983637311770512     
   13.355000000000000       0.97917587208601664     
   13.365000000000000        1.0141588956266814     
   13.375000000000000       0.97897918108085069     
   13.385000000000000       0.98205929206473408     
   13.395000000000000       0.98785046860806258     
   13.405000000000001       0.95195812679176794     
   13.415000000000001       0.96681886861087130     
   13.425000000000001        1.0258845966334322     
   13.435000000000000       0.99460110490713693     
   13.445000000000000        1.0048271198391066     
   13.455000000000000       0.98535316627769731     
   13.465000000000000       0.99915120247173828     
   13.475000000000000       0.96629555040607551     
   13.484999999999999       0.96665303873243702     
   13.495000000000001       0.97237074531052037     
   13.505000000000001        1.0262600661726198     
   13.515000000000001       0.98820765274355105     
   13.525000000000000       0.94403827590063483     
   13.535000000000000        1.0403731649319750     
   13.545000000000000        1.0246433652591114     
   13.555000000000000        1.0160454629235010     
   13.565000000000000        1.0189705908202349     
   13.575000000000001       0.97419209854498767     
   13.585000000000001       0.93395390328482220     
   13.595000000000001        1.0347327849332282     
   13.605000000000000        1.0059530209206673     
   13.615000000000000        1.0562801123545833     
   13.625000000000000       0.99248093271904692     
   13.635000000000000       0.96301082206707722     
   13.645000000000000        1.0000638101503185     
   13.655000000000001       0.95320869777234418     
   13.665000000000001       0.96401684346370720     
   13.675000000000001        1.0017732271085138     
   13.685000000000000        1.0116077410447208     
   13.695000000000000        1.0101309416851525     
   13.705000000000000        1.0043246531554924     
   13.715000000000000        1.0106481518758421     
   13.725000000000000       0.98671144337822336     
   13.734999999999999       0.95249019387617573     
   13.745000000000001        1.0010722137322938     
   13.755000000000001        1.0064992130677011     
   13.765000000000001       0.97669013378045233     
   13.775000000000000       0.99585881540764409     
   13.785000000000000       0.98499282490755635     
   13.795000000000000        1.0536977815371360     
   13.805000000000000        1.0051998344794204     
   13.815000000000000       0.97389714557178741     
   13.825000000000001       0.99888731897900496     
   13.835000000000001        1.0255049203560178     
   13.845000000000001       0.93911326374225879     
   13.855000000000000        1.0310252048591553     
   13.865000000000000       0.98127888940072761     
   13.875000000000000        1.0128371025512093     
   13.885000000000000       0.98942894515933555     
   13.895000000000000        1.0360567592616248     
   13.905000000000001        1.0017370638377625     
   13.915000000000001        1.0330806553345353     
   13.925000000000001        1.0366336868745738     
   13.935000000000000       0.97228326563398071     
   13.945000000000000        1.0529127187099903     
   13.955000000000000        1.0422107291626590     
   13.965000000000000        1.0148467442988431     
   13.975000000000000        1.0192285770903822     
   13.984999999999999        1.0011276446257269     
   13.995000000000001       0.97476735123481617     
   14.005000000000001       0.99744052549244022     
   14.015000000000001        1.0357920584302955     
   14.025000000000000       0.99956251828797105     
   14.035000000000000        1.0287107675256606     
   14.045000000000000       0.97361507209172304     
   14.055000000000000        1.0200177117397520     
   14.065000000000000       0.99388521360908333     
   14.075000000000001        1.0195857163418545     
   14.085000000000001       0.99270551800640849     
   14.095000000000001       0.97573159796978515     
   14.105000000000000       0.97598474829037263     
   14.115000000000000        1.0579296080080292     
   14.125000000000000       0.98545952073367071     
   14.135000000000000        1.0353869653874348     
   14.145000000000000        1.0103328192581842     
   14.155000000000001       0.97641285545808032     
   14.165000000000001       0.91987468096845315     
   14.175000000000001        1.0028206724283348     
   14.185000000000000       0.98199386601873484     
   14.195000000000000       0.96768674629463614     
   14.205000000000000        1.0147216664100893     
   14.215000000000000        1.0205438159656293     
   14.225000000000000       0.99497900797222250     
   14.234999999999999       0.98394294104654700     
   14.245000000000001       0.97293687188810596     
   14.255000000000001        1.0084167609850809     
   14.265000000000001       0.99660545286474977     
   14.275000000000000       0.99920326530321468     
   14.285000000000000        1.0105664925925790     
   14.295000000000000        1.0043741717725838     
   14.305000000000000        1.0260363683772054     
   14.315000000000000        1.0246033569226423     
   14.325000000000001       0.97717020282579858     
   14.335000000000001       0.98135170353577461     
   14.345000000000001       0.98789344130191237     
   14.355000000000000        1.0307489164959536     
   14.365000000000000       0.98198953540565392     
   14.375000000000000        1.0522998788707285     
   14.385000000000000       0.98083395044523103     
   14.395000000000000       0.96297696973519109     
   14.405000000000001        1.0236058411634534     
   14.415000000000001       0.95717353344897815     
   14.425000000000001       0.93472752318493657     
   14.435000000000000        1.0076388486560401     
   14.445000000000000       0.96880254864081961     
   14.455000000000000       0.98849436805731705     
   14.465000000000000       0.99335113080097259     
   14.475000000000000        1.0129528153392053     
   14.484999999999999       0.97276806939170202     
   14.495000000000001        1.0031874681848389     
   14.505000000000001       0.98788001643037660     
   14.515000000000001       0.97956654100909957     
   14.525000000000000       0.97976113554260480     
   14.535000000000000       0.94451566969084511     
   14.545000000000000        1.0263066615037377     
   14.555000000000000        1.0410309589705284     
   14.565000000000000       0.98896451476962066     
   14.575000000000001       0.96692101110613560     
   14.585000000000001        1.0046172445173069     
   14.595000000000001       0.95357565787856435     
   14.605000000000000       0.98431784178956983     
   14.615000000000000       0.95477755532790887     
   14.625000000000000       0.97097420927407718     
   14.635000000000000       0.99244510268641795     
   14.645000000000000       0.97287723861024911     
   14.655000000000001        1.0261144144590968     
   14.665000000000001        1.0103361694167292     
   14.675000000000001        1.0293656161462339     
   14.685000000000000        1.0023027987231714     
   14.695000000000000       0.99415564869335404     
   14.705000000000000       0.96871775338182298     
   14.715000000000000        1.0109985233290733     
   14.725000000000000       0.97209325854249862     
   14.734999999999999        1.0022588429453270     
   14.745000000000001       0.99041922143060357     
   14.755000000000001        1.0115052443695844     
   14.765000000000001        1.0534377591908475     
   14.775000000000000        1.0095142534298698     
   14.785000000000000        1.0543125242890017     
   14.795000000000000        1.0365293519245760     
   14.805000000000000       0.97572472849323921     
   14.815000000000000        1.0137105653963727     
   14.825000000000001       0.99827284629116997     
   14.835000000000001        1.0080208718134624     
   14.845000000000001        1.0273430711651874     
   14.855000000000000       0.97138016856094156     
   14.865000000000000       0.96860051555222548     
   14.875000000000000        1.0298236400527305     
   14.885000000000000        1.0335826002911126     
   14.895000000000000       0.97790778724872274     
   14.905000000000001       0.97366551916085564     
   14.915000000000001        1.0001629658610842     
   14.925000000000001        1.0105138511085474     
   14.935000000000000       0.99748605055803441     
   14.945000000000000       0.99542290756288676     
   14.955000000000000        1.0661383369056625     
   14.965000000000000       0.95497212107251406     
   14.975000000000000       0.98708378245337536     
   14.984999999999999        1.0423034178353343     
   14.995000000000001       0.99096719619383578     
   15.005000000000001       0.99253837738734685     
   15.015000000000001        1.0352547902535059     
   15.025000000000000        1.0035962835567764     
   15.035000000000000        1.0497827437815686     
   15.045000000000000       0.99158204118404158     
   15.055000000000000       0.96872208407061677     
   15.065000000000000       0.98464807406849675     
   15.075000000000001       0.99480137000452495     
   15.085000000000001        1.0127946415491555     
   15.095000000000001       0.98930979573897615     
   15.105000000000000        1.0072609750720793     
   15.115000000000000       0.96175894921877836     
   15.125000000000000        1.0280774920245390     
   15.135000000000000        1.0203246056840727     
   15.145000000000000        1.0218160205388589     
   15.155000000000001        1.0240112700829627     
   15.165000000000001        1.0162917061961108     
   15.175000000000001        1.0135391354610142     
   15.185000000000000        1.0016167387932275     
   15.195000000000000       0.97985578780013693     
   15.205000000000000        1.0109515950040759     
   15.215000000000000        1.0089200635072046     
   15.225000000000000        1.0644698611977779     
   15.234999999999999        1.0027666719210366     
   15.245000000000001       0.97483956856120790     
   15.255000000000001       0.99943965209050611     
   15.265000000000001       0.96669894321059280     
   15.275000000000000       0.96892146889933872     
   15.285000000000000       0.96068752467955199     
   15.295000000000000       0.92812321975791379     
   15.305000000000000       0.99361500341368092     
   15.315000000000000        1.0221567846133093     
   15.325000000000001        1.0076558051772642     
   15.335000000000001        1.0277977535866620     
   15.345000000000001        1.0167815528001378     
   15.355000000000000       0.98922553878964770     
   15.365000000000000        1.0134468490481010     
   15.375000000000000        1.0197027271868864     
   15.385000000000000       0.98605904545736089     
   15.395000000000000       0.98752539075605394     
   15.405000000000001        1.0061331997029375     
   15.415000000000001       0.99181409296354917     
   15.425000000000001        1.0083142604661313     
   15.435000000000000        1.0056417929622474     
   15.445000000000000        1.0261734695455620     
   15.455000000000000        1.0262087761318373     
   15.465000000000000        1.0010634277763557     
   15.475000000000000        1.0099648644669925     
   15.485000000000001        1.0032306364517234     
   15.495000000000001       0.98973394615146293     
   15.505000000000001       0.97424015148861975     
   15.515000000000001       0.96689930729410289     
   15.525000000000000        1.0352082124264219     
   15.535000000000000        1.0136434932539746     
   15.545000000000000        1.0285048780371748     
   15.555000000000000        1.0103658837965177     
   15.565000000000000        1.0090680472586353     
   15.575000000000001       0.98428932438295713     
   15.585000000000001       0.99508828187486031     
   15.595000000000001       0.97975861330700564     
   15.605000000000000       0.97382468128903432     
   15.615000000000000       0.99660853519838599     
   15.625000000000000       0.99399995125970297     
   15.635000000000000        1.0060451341354668     
   15.645000000000000       0.99279011533193018     
   15.655000000000001       0.99417864027522118     
   15.665000000000001        1.0612261816469899     
   15.675000000000001       0.95454773966705664     
   15.685000000000000        1.0009644506675917     
   15.695000000000000       0.97986734078515192     
   15.705000000000000       0.98785838542811610     
   15.715000000000000       0.99714640805503862     
   15.725000000000000        1.0064100130704847     
   15.735000000000001       0.98869676611775603     
   15.745000000000001       0.99269362555465646     
   15.755000000000001       0.95143553843233464     
   15.765000000000001        1.0124423690047279     
   15.775000000000000        1.0366670685822119     
   15.785000000000000        1.0000801106551076     
   15.795000000000000       0.99816179330453325     
   15.805000000000000       0.98842871222545658     
   15.815000000000000       0.97286274374692772     
   15.825000000000001       0.98788165949954465     
   15.835000000000001       0.99701995890969808     
   15.845000000000001        1.0327139911044940     
   15.855000000000000       0.96407534646408855     
   15.865000000000000       0.99325288447151971     
   15.875000000000000       0.96100187590660613     
   15.885000000000000       0.95721222109133419     
   15.895000000000000       0.94376818379762328     
   15.905000000000001       0.99662744620456034     
   15.915000000000001       0.97866800322841796     
   15.925000000000001        1.0377671283127579     
   15.935000000000000        1.0678730681452260     
   15.945000000000000       0.97434862708906811     
   15.955000000000000        1.0146869665469362     
   15.965000000000000        1.0083076369572854     
   15.975000000000000        1.0032190291128031     
   15.985000000000001       0.99304654857311547     
   15.995000000000001       0.97144746781179481     
   16.004999999999999        1.0579171394749185     
   16.015000000000001        1.0185208484190988     
   16.024999999999999        1.0090106714646021     
   16.035000000000000        1.0007894392060577     
   16.045000000000002        1.0330500945272831     
   16.055000000000000        1.0065062353812328     
   16.065000000000001       0.99516320836637007     
   16.074999999999999       0.96495169784508317     
   16.085000000000001       0.96752674188234933     
   16.094999999999999       0.98705873356457119     
   16.105000000000000       0.98646085454980870     
   16.115000000000002        1.0291088325785311     
   16.125000000000000        1.0484896248712530     
   16.135000000000002        1.0265591679038517     
   16.145000000000000        1.0028089811852794     
   16.155000000000001        1.0339972272075264     
   16.164999999999999        1.0028205633106742     
   16.175000000000001        1.0090461829185267     
   16.184999999999999       0.96430647326508256     
   16.195000000000000        1.0046937873820856     
   16.205000000000002        1.0065531838147979     
   16.215000000000000        1.0121214376781926     
   16.225000000000001        1.0152021167062404     
   16.234999999999999        1.0207444809530857     
   16.245000000000001       0.94732839976177141     
   16.254999999999999       0.97080284032249475     
   16.265000000000001        1.0077540101485725     
   16.274999999999999        1.0292516922881352     
   16.285000000000000       0.95434112792082315     
   16.295000000000002        1.0549233702983638     
   16.305000000000000        1.0003666820568313     
   16.315000000000001       0.91781533336335519     
   16.324999999999999       0.93318069809679505     
   16.335000000000001        1.0180446641524286     
   16.344999999999999        1.0174085764258953     
   16.355000000000000        1.0295514029820387     
   16.365000000000002       0.98879054882625583     
   16.375000000000000       0.96026839397283603     
   16.385000000000002        1.0069908260587264     
   16.395000000000000       0.96156008929926340     
   16.405000000000001        1.0117943375517391     
   16.414999999999999       0.96888306032376492     
   16.425000000000001        1.0370839026655396     
   16.434999999999999       0.98038556735997207     
   16.445000000000000       0.97979544932702212     
   16.455000000000002        1.0092614752505054     
   16.465000000000000        1.0134393084747160     
   16.475000000000001        1.0188055578981192     
   16.484999999999999       0.99361298001257992     
   16.495000000000001        1.0253094284239812     
   16.504999999999999        1.0013634377316765     
   16.515000000000001       0.96912019138745964     
   16.524999999999999        1.0120536204869734     
   16.535000000000000       0.95844291380545366     
   16.545000000000002       0.98701401250158238     
   16.555000000000000       0.99710547117662129     
   16.565000000000001        1.0273390127279391     
   16.574999999999999        1.0492047796927910     
   16.585000000000001       0.93137065351138337     
   16.594999999999999        1.0106257749446803     
   16.605000000000000       0.98343579258009495     
   16.615000000000002        1.0294193360362149     
   16.625000000000000        1.0358367257160992     
   16.635000000000002       0.98048005319984788     
   16.645000000000000        1.0063256383232877     
   16.655000000000001        1.0086381163620579     
   16.664999999999999       0.97519498546051009     
   16.675000000000001       0.96817216730333833     
   16.684999999999999        1.0120300763011556     
   16.695000000000000        1.0587019934828716     
   16.705000000000002        1.0049422169655120     
   16.715000000000000        1.0264597298625413     
   16.725000000000001       0.98392076979988619     
   16.734999999999999        1.0396991304765721     
   16.745000000000001        1.0547108098202143     
   16.754999999999999       0.96938474797370699     
   16.765000000000001        1.0284534030215156     
   16.774999999999999        1.0295411702444652     
   16.785000000000000        1.0364026653383425     
   16.795000000000002        1.0017018553166370     
   16.805000000000000       0.97226985926826992     
   16.815000000000001       0.99298829637058461     
   16.824999999999999       0.98203393234892289     
   16.835000000000001        1.0147500509479466     
   16.844999999999999       0.96823145035826441     
   16.855000000000000       0.98197872258221608     
   16.865000000000002        1.0134320712232934     
   16.875000000000000        1.0190900327241554     
   16.885000000000002        1.0418603553441343     
   16.895000000000000        1.0143978724924683     
   16.905000000000001       0.96706598856540438     
   16.914999999999999        1.0467008880067927     
   16.925000000000001       0.98523654434873220     
   16.934999999999999       0.97612810843963316     
   16.945000000000000       0.98631326912239214     
   16.955000000000002        1.0077972941930791     
   16.965000000000000       0.95627907672190382     
   16.975000000000001       0.98960825611279568     
   16.984999999999999        1.0042403654435030     
   16.995000000000001        1.0340522994997816     
   17.004999999999999        1.0052566529253963     
   17.015000000000001        1.0080107337649873     
   17.024999999999999       0.98885790306118737     
   17.035000000000000        1.0022799686552841     
   17.045000000000002       0.99046018808006253     
   17.055000000000000       0.96132112510499090     
   17.065000000000001        1.0088193298207870     
   17.074999999999999       0.97470139752171958     
   17.085000000000001       0.96185123565654074     
   17.094999999999999        1.0024969706911655     
   17.105000000000000        1.0007688532791557     
   17.115000000000002       0.97126199535732971     
   17.125000000000000        1.0372821757513691     
   17.135000000000002        1.0050284614618596     
   17.145000000000000       0.96841967616179225     
   17.155000000000001        1.0165127644189056     
   17.164999999999999        1.0374250887680427     
   17.175000000000001        1.0329067776986134     
   17.184999999999999        1.0256426554782720     
   17.195000000000000       0.96664926602218648     
   17.205000000000002       0.99466763579494966     
   17.215000000000000       0.98802033595470773     
   17.225000000000001        1.0252732216963685     
   17.234999999999999       0.98846826793504905     
   17.245000000000001        1.0119505437325429     
   17.254999999999999        1.0375643832419537     
   17.265000000000001        1.0287183990755915     
   17.275000000000002       0.98498679498999375     
   17.285000000000000        1.0312420667861417     
   17.295000000000002       0.98216589149642008     
   17.305000000000000        1.0065759496916471     
   17.315000000000001        1.0184427401448062     
   17.324999999999999       0.97605612921819418     
   17.335000000000001       0.99822034638306689     
   17.344999999999999       0.94242829523812965     
   17.355000000000000        1.0013247659721980     
   17.365000000000002        1.0115067511765059     
   17.375000000000000        1.0432301197279010     
   17.385000000000002       0.99302527198795687     
   17.395000000000000       0.97897431238312493     
   17.405000000000001       0.99181898244812061     
   17.414999999999999       0.99819355443776026     
   17.425000000000001        1.0163458871520648     
   17.434999999999999        1.0066134301948679     
   17.445000000000000        1.0241783836286311     
   17.455000000000002        1.0267446572830017     
   17.465000000000000       0.99568791069367701     
   17.475000000000001       0.99987852266984456     
   17.484999999999999        1.0152387703628101     
